1.88665
0.607013
3.75591
6.8627
3.43455
0.393384
1.43864
1.69073
8.30531
8.74813
4.37056
8.2284
4.74624
5.11338
6.66768
1.78625
8.83969
0.192267
4.37178
4.79019
6.65334
0.747703
7.29789
2.48909
3.36253
3.48552
3.63323
0.40376
7.1572
4.58266
7.60582
2.57393
0.747398
6.4214
5.53026
4.66994
8.27876
8.09442
0.544755
1.0303
0.469375
1.23875
1.35441
9.68871
5.78509
7.76971
5.28642
4.44746
0.457167
1.06571
0.978423
8.07062
5.16648
7.17765
1.00711
5.64592
1.19388
7.61681
9.76898
2.19214
3.86242
0.2884
6.92953
3.5609
6.07013
0.135197
1.75024
4.70534
9.73876
6.0445
8.60927
4.37452
7.98303
5.59191
9.02066
0.294198
5.81347
4.17951
0.476394
3.89966
2.19031
0.127873
7.41356
8.68282
1.23417
2.29102
4.62325
1.21189
5.41124
1.75085
8.41426
8.8937
8.50398
4.15845
5.84277
3.53221
1.1771
4.28022
7.3217
4.75509
6.95792
9.31516
2.9191
2.36061
1.43376
2.5425
7.66411
1.65868
2.49031
3.867
6.16565
0.858181
4.39314
8.8171
1.86254
4.56893
3.53099
2.56478
1.21433
2.48054
8.63399
0.529496
8.14539
7.27836
3.27158
2.12256
9.05545
0.859706
3.45439
9.20103
3.71075
2.91635
8.14173
5.78936
2.32459
0.938139
5.47349
0.637837
4.14289
5.7091
2.5367
9.16868
7.84478
1.35075
1.48137
6.38325
9.07468
3.98358
9.794
7.28874
5.41276
8.05811
7.54357
6.40675
4.10169
4.42854
9.41771
2.92367
2.83914
9.22788
4.34919
3.05338
8.94803
7.60094
0.558184
6.16352
7.23869
1.36967
8.81466
6.23798
1.87719
4.68337
1.7365
5.23301
2.56691
6.71804
1.93518
9.88983
0.359813
5.49333
6.8218
8.56502
3.41136
1.86224
2.88522
9.64782
7.98517
7.7398
7.2573
8.11731
5.02884
7.63237
9.37193
1.80761
7.62535
7.53105
0.537736
3.94513
9.63622
0.229804
4.23383
3.51482
0.850551
1.13315
4.93545
0.0219733
8.94833
3.61217
8.29524
4.21186
3.59294
7.97784
0.476394
1.30741
2.96701
3.12449
9.46654
8.33186
8.05963
4.91897
6.1681
2.07007
5.02121
0.382397
8.09534
9.24497
0.897549
1.7423
3.47392
5.45579
3.0546
9.4058
8.56899
4.45357
7.60796
7.9223
6.04267
4.30921
7.16636
3.99915
7.16575
2.03772
3.20902
0.628376
5.68285
3.24412
3.39824
6.38874
6.15589
8.34986
9.15159
3.98663
4.58968
1.96295
3.77544
7.10044
4.15448
6.95975
6.48213
9.58373
3.82183
9.82849
2.59438
6.09668
2.72103
8.85189
5.25712
8.22657
8.02942
1.68096
8.96268
5.15671
9.21323
3.86792
0.206915
2.95022
6.4272
4.91409
5.58702
1.51006
5.88641
3.40495
2.65053
3.27525
0.0244148
7.78893
3.8139
2.71981
5.24735
4.35865
8.65871
0.715049
5.09995
9.00845
4.91775
2.81533
1.65349
4.31867
3.46843
5.53545
2.92886
8.53694
7.6397
9.67498
9.16654
8.01538
2.14759
4.75967
5.75884
9.66918
1.97638
3.65734
5.65264
5.01419
6.50807
1.42949
9.03775
2.35206
9.22117
7.48772
3.13395
8.66085
8.2696
5.11002
9.88861
7.75475
8.25037
7.3867
4.39222
6.27705
8.4756
3.64971
1.83752
4.08734
8.0636
5.4564
5.81744
0.605487
3.155
6.18641
5.78997
3.67412
6.57338
3.31156
6.51112
2.50557
5.2382
7.40715
7.25669
1.2711
5.64379
6.96219
3.6375
4.89822
2.7195
3.05399
9.83062
3.63781
2.37892
2.94717
4.0257
7.96167
3.07291
6.68325
4.91409
0.357067
6.6625
5.71734
2.01972
5.57634
3.91461
7.67235
7.69463
5.90625
4.94644
6.26637
3.58196
3.02042
9.91791
0.47792
9.37132
2.97555
0.291452
2.01575
6.64327
5.9151
5.97613
5.14512
5.63189
7.04123
8.65444
7.94733
7.7047
0.419935
6.61946
9.06247
1.37944
2.18238
1.42674
8.98465
4.69039
4.67849
1.67516
9.97162
1.70934
8.15485
4.22712
3.62712
6.04724
1.51219
8.18567
0.224921
9.13388
8.70876
1.93609
8.83236
6.09821
2.36793
8.56899
2.29408
7.06046
1.16031
9.98871
6.14887
6.64235
2.51167
5.03464
5.52568
9.51811
7.21183
1.91046
9.0994
4.80758
7.47459
0.24781
4.15113
7.13401
5.02182
3.10923
1.81249
7.15171
0.747093
4.2439
6.54286
9.35942
2.5251
0.912503
8.90805
0.013123
2.72622
7.58995
5.72436
2.94656
2.00385
0.857265
6.62648
6.11499
0.909452
0.801416
1.12461
6.67562
5.90716
9.2288
5.21348
7.41356
1.34037
0.0061037
1.59032
2.33009
3.92193
1.84881
2.55409
4.20179
1.30375
8.85647
9.63927
1.92541
1.29246
9.1174
9.05271
0.460829
3.27158
6.69424
6.97104
1.18351
8.39259
7.29789
3.7672
5.46068
0.0979644
2.96609
1.22318
9.26054
1.5421
6.05976
1.79327
1.61168
1.46367
7.88598
3.98144
4.72213
5.08225
2.26508
2.89438
8.56838
1.57323
9.34996
0.0338755
7.77215
4.69161
0.00976592
1.38676
3.57646
8.0987
6.09912
7.88232
8.72738
1.95929
6.91031
7.27134
8.08039
2.37434
7.13584
1.49724
2.74422
0.203253
6.64449
8.61629
0.56917
0.845363
7.38609
3.32835
0.796838
1.5421
7.73949
5.19028
5.68224
7.75933
9.61364
8.55983
6.90176
5.2147
8.61263
3.34544
9.55809
9.11344
2.58431
0.618915
1.5952
7.15049
8.85739
2.15064
1.43742
7.84906
5.48143
7.93603
1.66051
0.789514
6.78579
0.772118
1.51463
0.298166
8.56716
1.9483
6.1034
9.15403
3.21543
7.10959
5.03891
3.87799
0.0985748
6.36128
8.37916
8.16706
1.50914
7.6751
2.66518
6.03534
9.49217
7.65465
4.86862
1.22379
3.86395
8.73013
7.05802
4.4438
6.73544
6.84011
9.60601
5.01236
3.84991
8.66481
5.73962
8.44783
8.05292
2.47047
5.25407
6.58223
5.19974
1.63305
0.195013
1.75756
7.82037
4.89639
0.331431
1.66601
6.84774
2.43446
1.22135
6.39637
6.7275
1.77404
2.6896
4.25062
4.21796
2.64657
0.529801
7.89392
6.19343
4.82376
9.23856
7.39555
6.76473
8.00897
8.59828
1.73162
9.02951
7.83715
1.92236
5.30351
1.76061
7.05496
8.77071
1.03946
6.35426
5.93524
9.94934
6.64235
4.33668
0.995209
7.61132
5.54094
0.757164
6.07624
8.26472
9.11435
3.76904
4.85
1.50426
1.74627
5.71307
8.81344
2.27943
5.27543
6.021
9.83245
9.50682
4.40046
1.24516
1.30222
8.8461
9.60784
2.53029
6.9808
2.44758
9.17783
5.84002
1.5598
3.4846
6.83859
5.24857
2.04138
8.28303
6.62526
4.61165
3.97107
3.86151
1.50975
7.93023
1.60253
3.69488
7.36137
3.71532
6.04724
9.51293
8.80123
3.67199
0.475478
1.94403
8.51772
1.01108
6.433
7.82373
6.59719
8.70205
0.328684
6.97073
1.43742
2.97922
4.16578
6.25263
8.80947
2.41768
9.56999
3.74676
0.618915
7.88293
9.18241
0.810266
9.94659
3.67626
4.4789
4.87716
3.91095
5.18265
4.07666
0.784631
0.933866
3.33354
1.59124
3.45195
3.95856
1.2009
7.10868
9.7174
6.1858
3.03201
1.3303
2.14667
0.89816
1.0361
6.46046
2.6307
1.92267
0.240791
2.88949
8.57509
6.3039
6.72567
5.74541
9.50499
5.74419
9.54527
0.366222
6.88986
8.38038
1.66051
0.766015
5.00381
7.44835
0.183416
0.144963
5.63463
8.4109
1.25065
7.52098
4.45143
1.10111
9.83978
9.52879
1.84576
8.45088
9.83734
1.46306
6.05853
8.35902
4.67818
6.62191
1.40324
0.273446
3.85693
8.00836
9.40062
3.0369
5.63677
1.46458
5.63341
5.56658
1.25706
4.2909
0.140996
6.92984
0.963164
8.41487
4.15815
7.3751
7.15903
2.17444
1.0126
6.88284
5.00565
9.77996
3.99976
2.79824
5.77197
2.5074
9.03897
3.11075
3.25083
0.70101
4.92935
6.93564
8.55709
0.631733
9.01486
8.77041
3.61339
5.28581
1.0712
8.07978
8.64284
3.14066
3.23069
0.777917
3.97534
3.9903
8.75179
4.16425
1.48656
5.88611
7.45048
1.88208
5.9743
2.25196
0.603046
0.457472
1.79144
3.23771
3.13669
3.98297
5.04379
0.373547
5.91357
8.50887
6.66829
8.58913
5.92883
2.70211
6.70064
4.65468
7.22953
6.34236
5.0499
6.11591
0.368358
3.20383
9.08597
9.77477
3.20689
9.90448
3.35704
3.78521
0.876186
7.26463
1.75207
2.42653
7.71325
5.75701
7.4105
7.61193
8.97916
1.59368
0.703757
6.19892
5.17838
5.02487
0.594501
7.16575
6.78549
7.4041
9.68596
7.70837
2.19642
8.58882
8.27479
2.331
6.71316
1.23173
7.72301
3.98358
5.37767
3.53252
8.45698
1.31382
7.46513
7.00674
2.9075
1.09684
5.44969
0.837428
8.7051
9.89959
6.25629
9.37284
2.44026
4.04798
7.60918
4.32814
9.30448
1.95959
7.29057
8.25892
8.91934
7.89666
8.12311
0.866421
2.67434
1.21189
6.4861
4.69771
2.87698
0.144047
7.1807
1.79968
9.03409
4.2262
2.45308
7.89819
1.5717
4.36872
7.99463
5.65294
8.31507
4.68337
3.72082
3.56304
4.0257
5.10544
2.15369
2.07495
8.32698
8.88211
2.21168
3.46232
2.3133
3.98144
1.22227
7.03604
9.1699
2.49733
2.97067
6.25111
9.10215
7.09769
4.59426
9.26939
3.89966
8.58943
0.14008
9.541
1.43925
3.6607
3.59264
7.9693
5.44145
6.85842
9.18729
3.2197
0.793786
5.86779
1.82196
1.73559
9.75433
4.1554
5.3798
4.02295
9.34355
0.037843
1.77068
8.76919
5.24369
6.2389
8.51344
1.35289
2.51289
8.99594
7.66076
8.31599
8.42769
0.782189
3.88775
4.3495
7.76605
5.7036
4.55092
3.36497
5.84918
1.63213
9.53337
0.210273
9.64232
8.14386
3.68755
4.5909
2.24128
4.31593
9.6878
3.76141
1.04648
5.45335
